0.pcd 3.20038e-05 3.2434e-05 0.000634203 1 6.7066e-05 0.000742536 2.41395e-07
1.pcd 0.513037 -0.00305539 0.0183385 0.999978 -0.00227556 -0.000508212 0.00628368
2.pcd 0.820396 -0.00848418 0.0197925 0.99624 -0.00402747 -0.000563382 -0.0865408
3.pcd 0.824766 -0.01881 0.0188417 0.983592 -0.00444772 -0.000834699 -0.18035
4.pcd 0.820221 -0.032524 0.0197081 0.959481 -0.00307956 -0.00209612 -0.281748
5.pcd 1.21798 -0.337221 0.0243268 0.952342 -0.000379062 -0.00232626 -0.305022
6.pcd 1.6395 -0.638964 0.0277678 0.953061 0.000655256 -0.000516274 -0.302778
7.pcd 1.9446 -0.835382 0.0323483 0.979564 0.00268499 0.000684493 -0.201116
8.pcd 1.9441 -0.822303 0.0314263 0.994467 0.00151139 0.000809553 -0.105032
9.pcd 1.94229 -0.809597 0.0314743 0.999971 0.00203109 0.000796363 -0.00729759
10.pcd 1.93947 -0.796821 0.0314298 0.995903 0.00208164 0.00215452 0.0903743
11.pcd 1.93419 -0.785595 0.0329917 0.981746 0.00151756 0.00216842 0.190178
12.pcd 2.39071 -0.567232 0.0360279 0.975104 -0.000417308 0.00168716 0.221743
13.pcd 2.8419 -0.347819 0.0335089 0.97437 0.000206846 0.00413447 0.224915
14.pcd 3.29496 -0.130592 0.0335161 0.977355 0.000241614 0.00405612 0.211566
15.pcd 3.41518 -0.101402 0.0317883 0.992752 -0.000450345 0.00150978 0.12017
16.pcd 3.92002 -0.0232248 0.0329322 0.998033 0.000121513 -0.000420396 0.0626932
17.pcd 4.43447 0.0198026 0.0376527 0.999357 0.000283588 0.000260755 0.0358644
18.pcd 4.9336 0.0570514 0.037937 0.994079 0.00158625 0.00263327 0.10862
19.pcd 5.43266 0.170351 0.0388198 0.99314 0.00259932 0.00351592 0.116845
20.pcd 5.92877 0.24596 0.037882 0.997809 0.00170671 0.00225608 0.0660924
21.pcd 6.43155 0.296187 0.0370952 0.998831 0.00201854 0.00334159 0.0481893
22.pcd 6.93382 0.323567 0.0370192 0.999863 0.00200306 0.00404957 -0.0159398
23.pcd 7.18765 0.27624 0.037052 0.994521 0.0019922 0.00277696 -0.104482
24.pcd 7.36251 0.208146 0.0361378 0.980127 0.00126773 0.000339484 -0.198365
25.pcd 7.45186 0.142443 0.0364986 0.954634 0.0015374 -0.000166345 -0.297777
26.pcd 7.52941 0.0669808 0.0354339 0.923559 0.00251212 0.0010408 -0.383446
27.pcd 7.59184 -0.032455 0.0377068 0.877325 0.00169834 0.000426334 -0.479894
28.pcd 7.66023 -0.193028 0.0374399 0.830453 0.00219433 0.00231439 -0.557079
29.pcd 7.76423 -0.609893 0.0390633 0.77846 0.000479184 -0.00257749 -0.627689
30.pcd 7.7813 -0.834116 0.0385049 0.696504 0.00252116 -0.00175383 -0.717547
31.pcd 7.76426 -0.856897 0.0375286 0.622199 0.00167249 -0.00151156 -0.782856
32.pcd 7.74579 -0.875258 0.0390862 0.544572 0.000445759 -0.000543953 -0.838714
33.pcd 7.72205 -0.892029 0.0388999 -0.452128 -0.00118799 0.00101785 0.891952
34.pcd 7.67255 -0.921983 0.0392043 -0.342107 -0.00141153 0.00194102 0.939658
35.pcd 7.61361 -0.94291 0.0389799 -0.249837 -0.0018966 0.00109518 0.968285
36.pcd 7.54427 -0.963021 0.0403447 -0.162844 -0.00200905 0.00217853 0.986647
37.pcd 7.42806 -0.976752 0.039138 -0.075151 -0.00254388 0.00269979 0.997165
38.pcd 6.9254 -1.0207 0.0409514 -0.0920677 0.00139458 0.00433417 0.995742
39.pcd 6.4366 -1.17444 0.0431175 -0.17168 -5.72434e-05 0.00354186 0.985146
40.pcd 5.96223 -1.35569 0.0426083 -0.190579 -0.000635101 0.00288709 0.981667
41.pcd 5.49143 -1.53735 0.0439209 -0.189037 0.000500773 0.00129025 0.981969
42.pcd 5.1449 -1.63268 0.04403 -0.0913896 0.000120487 0.000747957 0.995815
43.pcd 4.90683 -1.64188 0.041993 0.00188482 -0.0033133 0.00178703 0.999991
44.pcd 4.69524 -1.60608 0.0428425 0.100296 -0.00305273 0.00209266 0.994951
45.pcd 4.32423 -1.48486 0.0418078 0.186858 -0.00301344 -0.000937078 0.982382
46.pcd 3.92119 -1.33208 0.040966 0.0965417 -0.00109075 0.00415581 0.99532
47.pcd 3.84329 -1.33577 0.0406163 -0.00501984 -0.0027033 0.00506287 0.999971
48.pcd 3.78465 -1.34935 0.0403502 -0.0995179 -0.0032084 0.00470126 0.995019
49.pcd 3.66979 -1.39489 0.0382556 -0.185884 -0.00588858 0.00589836 0.982536
50.pcd 3.28322 -1.52749 0.0393663 -0.0900141 -0.00322633 0.00525261 0.995921
51.pcd 2.93302 -1.53588 0.0382257 -0.00282061 -0.00106907 0.00474442 0.999984
52.pcd 2.79129 -1.51463 0.038827 0.086488 -0.000260606 0.00397263 0.996245
53.pcd 2.60363 -1.44482 0.0403146 0.195506 0.000547168 0.00447597 0.980692
54.pcd 2.492 -1.37051 0.0412328 0.291296 0.00106212 0.00331362 0.956627
55.pcd 2.09993 -1.05643 0.0410112 0.346916 -0.00111529 0.00314957 0.93789
56.pcd 1.72864 -0.706193 0.0378403 0.378911 -0.000988028 0.00285979 0.925428
57.pcd 1.71232 -0.701455 0.0363979 0.284046 -0.000594453 0.0034711 0.958804
58.pcd 1.2776 -0.427566 0.0331642 0.274992 -0.00232812 0.00415388 0.961435
59.pcd 0.853967 -0.157372 0.0303112 0.274839 -0.00331877 0.00496369 0.961472
60.pcd 0.536862 0.0290782 0.0292817 0.188214 -0.0038297 0.00805044 0.982088
61.pcd 0.438141 0.04282 0.0274783 0.0792907 -0.00491506 0.00857578 0.996803
62.pcd 0.195382 0.0460764 0.0253203 -0.0104217 -0.00284465 0.00970056 0.999895
63.pcd 0.107014 0.0353958 0.0254043 -0.114672 -0.00382741 0.00944824 0.993351
64.pcd 0.11217 0.0262995 0.0260026 -0.204476 -0.00376274 0.010766 0.978805
65.pcd 0.119381 0.0169344 0.0266061 -0.298629 -0.00342797 0.00714601 0.954336
66.pcd 0.129024 0.0118556 0.0280527 -0.396774 -0.00308132 0.0101274 0.917855
67.pcd 0.141051 0.00990783 0.0247506 -0.492138 -0.00365682 0.00995447 0.870453
68.pcd 0.154335 0.0114879 0.022037 0.586742 0.00225964 -0.0107462 -0.8097
69.pcd 0.170406 0.0193426 0.0223401 0.675755 0.00249695 -0.0108826 -0.737042
70.pcd 0.182825 0.0283569 0.0216026 0.757342 0.00309013 -0.0108637 -0.652921
71.pcd 0.193685 0.0411113 0.019725 0.823552 0.000589351 -0.00887857 -0.567171
72.pcd 0.202037 0.0514662 0.0199021 0.874741 -0.00106816 -0.00580178 -0.484555
73.pcd 0.205963 0.0688051 0.0207778 0.922165 -0.000285135 -0.00359519 -0.38678
74.pcd 0.208843 0.0842533 0.0242359 0.960156 -0.00135252 -0.00240923 -0.279452
75.pcd 0.21072 0.0982441 0.0251172 0.983235 -0.0015465 -0.00215107 -0.182322
76.pcd 0.209387 0.108236 0.0244794 0.996167 -0.00148698 -0.00185762 -0.0874393
